Efficientdet_d1 metrics

COCO METRICS:
AP: 0.5375892843726564
AP50: 0.9485648433670278
AP75: 0.5240191360107113
APsmall: 0.6213750985182602
APmedium: 0.5186626815721848
APlarge: 0.75
AR1: 0.47585865581584585
AR10: 0.618730898233361
AR100: 0.618730898233361
ARsmall: 0.6426829505842854
ARmedium: 0.6060348256793043
ARlarge: 0.85

PASCAL METRIC (AP per class)
open: 0.996446776752856
short: 0.9219178453927606
mousebite: 0.9416967750886006
spur: 0.9310869129270469
copper: 0.9520644796380087
pin-hole: 0.9628559710177921

PASCAL METRIC (mAP)
mAP: 0.9510114601361774
