COCO METRICS:
AP: 0.6735836308519916
AP50: 0.9379635038762957
AP75: 0.8286203076424984
APsmall: 0.6873817903857616
APmedium: 0.67396054449839
APlarge: 0.45
AR1: 0.5678860701590749
AR10: 0.7270214234175655
AR100: 0.7270214234175655
ARsmall: 0.7422369254296978
ARmedium: 0.7192918917682111
ARlarge: 0.45

PASCAL METRIC (AP per class)
open: 0.9823515597860942
short: 0.8750207763394511
mousebite: 0.9406233391926365
spur: 0.92238069314774
copper: 0.9629997722422782
pin-hole: 0.9657302099412304

PASCAL METRIC (mAP)
mAP: 0.9415177251082385
