PCB defect detection model has been trained using ssd_resnet101_v1_fpn_640x640 with 1223 samples and tested with 277 samples

Results:
COCO METRICS:
AP: 0.6581404989087132
AP50: 0.8669110037843469
AP75: 0.7984381097719909
APsmall: 0.638458742863494
APmedium: 0.6751611224003168
APlarge: 0.3
AR1: 0.5610039956142738
AR10: 0.7052318763164321
AR100: 0.7052318763164321
ARsmall: 0.6627716685787977
ARmedium: 0.7253172470834518
ARlarge: 0.3

PASCAL METRIC (AP per class)
open: 0.8398594678302498
short: 0.7623938906159294
mousebite: 0.8560738678652013
spur: 0.9046844902777302
copper: 0.9516931146761496
pin-hole: 0.9117653808737365

PASCAL METRIC (mAP)
mAP: 0.8710783686898328
